Bid1,Bid2,Bid3,Reject
33.35,18.54,22.79,1
17.14,32.94,18.93,0
12.27,23.47,12.23,0
31.18,12.75,17.38,0
19.82,23.93,28.11,0
17.71,25.87,6.06,0
21.57,17.11,23.23,1
12.46,10.8,7.38,1
12.71,14.21,17.46,1
11.29,25.79,34.56,0
22.42,23.91,30.28,0
30.05,12.49,6.57,0
30.58,6.3,26.83,1
24.32,20.94,8.45,0
34.55,10.29,19.56,0
34.37,20.66,31.06,0
25.48,31.14,5.5,0
28.56,23.41,29.57,0
15.46,13.14,28.52,0
28.42,30.64,10.81,0
6.39,9.72,32.39,1
15.58,12.78,25.51,1
15.71,25.12,31.65,0
8.89,11.78,26.39,0
34.47,29.78,19.55,0
17.47,14.72,30,0
17.19,19.65,7.72,0
28.48,27.91,5.76,0
18,27.13,15.07,0
22.29,24.08,19.61,0
24.51,12.47,11.76,0
5.99,27.03,21.64,0
17.12,15.19,25.43,0
33.77,14.08,30.05,0
22.87,8.81,31.88,0
32.99,5.3,18.13,0
33.11,32.75,16.99,0
27.67,32.3,18.2,0
21.17,16.46,14.29,1
29.73,26.04,18.41,0
5.32,25.17,33.93,0
27.4,8.83,18.87,0
8.09,11.03,19.88,1
6.45,32.08,5.65,0
10.57,31.76,10.77,0
19.19,16.33,31.94,0
5.29,12.51,16.68,0
30.75,23.08,8.06,0
19.2,23.76,15.49,0
9.5,5.59,10.36,0
12.36,29.59,12.47,1
6.7,20.54,24.23,0
11.16,32.28,34.27,0
18.96,8.56,32.62,0
18.83,33.38,6.61,0
15.53,32.81,32.09,1
18.23,7.84,10.7,0
14.88,17.46,34.78,0
22.16,14.69,14.79,0
34.77,30.39,11.83,0
26.54,33.44,33.31,0
15.83,26.88,29.33,0
22.18,25.52,32.73,0
16.41,24.24,26.56,0
16.16,14.48,31.38,0
17.73,26.96,30.95,0
27.29,9.73,15.72,1
15.8,27.8,9.09,0
23.79,7.76,29.17,0
30.59,34.03,25.43,1
8.6,23.27,17.94,1
10.23,31.85,33.41,0
33.52,10.82,33.54,0
34.33,34.64,5.96,0
12.56,12.24,13.29,0
13.54,11.7,7.03,0
30.15,17.06,29.81,0
29.06,28.43,16.89,0
16.1,30.18,22.44,0
15.88,17.28,15.31,0
13.15,17.07,34.14,0
12.78,28.15,23.1,0
34.83,12.47,25.03,0
6.39,30.97,30.9,0
25.29,25.47,17.6,1
20.05,34.32,7.2,1
8.4,10.57,31.14,0
18.84,11.49,25.84,0
26.56,14.39,30.24,0
33.82,27.56,25.29,1
20.87,16.03,26.04,0
33.06,23.13,31.86,0
34.69,16.5,22.62,0
18.97,21.51,14.76,0
15.91,16.56,34.85,1
7.71,24.96,11.23,0
30.33,5.44,13.59,0
17.41,29.39,29.99,1
27.72,15.5,28.11,1
21.62,26.47,11.02,0
19.29,33.77,27.94,0
13,20.22,23.48,0
9.06,24.99,33.93,0
7.33,17.88,20.11,1
30.4,30.48,19.36,0
15.11,24.63,22.57,0
25.22,20.13,34.39,0
8.13,16.06,15.47,0
22.62,25.56,12.83,1
8.44,7.98,22.7,0
12.48,6.43,27.36,1
17.43,31.08,7.46,0
26.46,24.56,16.25,0
31.09,23.31,7.61,0
29.46,17.66,14.54,1
11.97,20.11,18.6,0
15.39,9.92,9.83,0
33.82,7.8,6.8,0
14.04,25.56,18.35,1
9.63,9.28,13.56,0
27.33,20.86,10.98,0
13.49,5.11,20.29,0
14.87,17.75,5.58,0
5.04,11.73,29.9,0
21.92,24.8,11.01,0
18.32,20.09,17.8,0
9.84,23,26.99,0
26.1,11.01,20.8,0
21.32,9.12,13.08,0
12.64,5.71,28.04,1
16.79,33.19,33.63,1
12.34,25.87,8.53,0
22.48,21.63,5.75,0
6.58,13.86,17.66,0
23.07,6.28,6.93,0
6.2,30.61,8.77,1
30.87,22.9,7.77,0
15.29,5.56,11.98,1
8.37,33,11.34,0
22.8,5.29,23.29,0
23.9,24.23,16.84,0
28.44,28.66,26.8,0
27.1,20.8,33.84,0
28.75,13.74,27.51,0
24.46,23.85,7.36,0
32.36,17.76,31.04,0
23.18,21.39,15.88,0
27.09,10.72,28.91,0
26.4,27.33,28.59,0
25.7,11.39,14.94,0
32.6,8,33.5,0
34.09,31.89,29.85,0
14.87,29.67,23.87,0
7.84,31.48,13.87,0
29.2,7.64,23.51,0
25.48,26.01,34.66,1
10.2,10.11,15.32,0
19.43,29.99,12.19,0
33.18,26.84,5.01,0
9.14,28.28,32.28,0
24.79,27.9,23.83,0
10.82,6.71,28.59,1
23.79,23.3,27.46,1
23.62,31.95,23.51,1
18.23,20.48,10.5,1
24.77,20.19,30.31,0
18.41,12.67,26.48,0
30.55,34.15,24.55,1
26.22,22.43,23.38,0
17.86,34.05,31.21,1
23.61,6.24,28.78,0
24.24,10.66,26.73,0
31.63,20.59,17.27,0
34.81,24.23,34.93,0
26.85,15.22,23.71,0
20.17,24.45,15.59,0
6.47,15.66,10.48,0
8.25,30.51,14.63,1
30.75,21.28,12.67,1
32.48,25.19,33.23,0
25.15,12.7,31.79,0
18.87,8.64,34.64,0
33.84,6.22,33.57,0
7.4,31.64,31.23,0
16.58,27.6,9.87,0
5.49,29.06,9.4,0
22.76,18.24,24.49,0
22.05,7.26,28.7,1
5.37,9.63,7.17,0
22.69,12.42,12.34,0
15.81,7.38,5.32,0
5.76,30.59,11.98,0
34.36,9.72,12.65,0
8.97,23.5,32.37,0
21.52,20.85,16.03,0
30.9,10.74,6.14,0
25.48,27.79,24.52,0
6.05,23.45,29.49,0
18.21,9.56,7.51,0
18.19,18.64,5.34,0
27.98,25.46,15.97,1
35,13.44,17.38,0
12.72,23.75,17.48,0
31.57,33.25,18.9,1
6.49,22,18.98,0
14.95,25.79,21.44,0
26.89,34.36,20.98,0
19.96,31.97,20.23,0
21.4,24.45,28.43,0
11.74,34.49,13.7,0
8.69,9.91,21.52,0
19.56,20.29,22.24,0
31.22,23.82,11.12,0
24.24,29,21.66,0
18.45,17.53,11.42,0
9.11,6.65,21.47,0
9.23,20.57,7.09,1
34.48,9.04,30.81,0
34.16,16.01,11.25,1
17.87,25.9,12.16,0
27.68,8.89,16.42,0
21.76,28.58,13.62,0
27.7,6.51,27.52,0
34.28,29.47,14.57,0
6.26,31.01,8.22,0
15.53,10.91,29.18,0
19.3,23.22,12.56,1
10.25,34.9,20.12,0
15.68,6.27,6.2,0
31.65,9.16,23.73,1
7.07,11.69,16.62,0
7.78,22.49,14.25,0
11.17,25.13,14.96,0
23.46,26.7,32.95,0
13.2,20.13,19.04,0
27.43,24.34,5,0
14.17,6.09,26.77,0
27.96,10.82,16.98,1
12.59,27.49,5.69,0
25.13,14.25,24.13,0
8.96,27.47,18.18,1
33.27,30.56,22.75,0
18.34,7.98,23.54,0
15.74,22.93,18.62,0
10.09,26.62,6.47,0
19.97,22.06,26.59,0
18.56,12.05,27.2,0
6.99,32.32,17.14,0
31.64,33.52,6.54,0
32.23,20.49,33.44,0
28.48,26.21,31.32,1
19.16,28.96,29.83,0
28.88,10.99,18.46,0
31.27,8.21,31.53,0
25.17,23.56,30.61,0
7.11,5.67,24.43,1
8.73,6.13,20.2,0
17.76,8.46,7.28,0
28.48,29.56,15.87,0
22.67,16.31,11.93,1
19.16,11.87,30.81,1
6.01,16.04,24.03,0
10.4,10.24,26.94,1
32.95,28.24,9.69,0
22.72,14.9,33.49,0
20.19,14.47,17.01,0
11.55,26.74,23.34,0
33.56,22.55,28.95,0
15.87,28.33,25.59,0
18.76,15.79,5,0
29.92,10.54,20.08,0
28.72,22.21,34.57,0
18.23,19.49,5.21,1
23.72,17.65,6.23,0
33.67,14.52,8.1,0
24.9,34.18,23.1,1
12.99,12.75,6.39,1
26.69,22.01,17.66,0
21.83,15.56,15.68,1
34.19,14.36,25.93,1
14.03,5.28,15.89,1
19.91,25.04,14.74,0
13.52,31.57,25.32,0
7.23,17.64,22.5,1
8.34,30.76,12.21,1
7.26,33.44,16.25,0
34.89,16.28,11.14,1
22.99,11.1,12.76,0
28.67,10.38,30.42,0
30.84,14.19,17.81,0
29.81,30.51,24.71,0
33.11,20.77,20.94,0
6.08,29.85,33.11,0
9.19,8.21,15,1
26.76,23.51,15.83,0
31.16,22,27.39,0
16.22,12.83,30.92,0
11.49,5.07,5.66,1
22.28,13.62,30.49,1
5.77,29.64,29.23,0
6.31,31.85,21.28,0
33,34.87,18.01,0
17.05,5.25,23.07,0
28.55,26.99,15.05,0
12.28,7.54,28.34,0
23.26,24,7.9,0
31.8,29.15,18.56,0
23.88,29.9,27.86,0
32.72,22.02,23.77,0
34.87,12.8,5.04,0
9.5,28.54,5.52,0
5.74,10.08,18.71,0
32.34,13.23,11.65,0
9.44,5.15,16.14,0
7.7,16.93,18.24,0
26.47,5.8,6.82,1
10.25,30.64,15.92,0
9.79,11.15,16.31,0
19.37,30.81,14.04,0
33.46,6.68,32.55,0
27.23,11.71,19.32,0
25.17,6.36,10.41,1
7.11,27.53,13.91,1
14.18,25.94,29.88,0
33.1,32.56,23.54,0
30.71,32.27,24.91,0
31.73,29.17,23.49,0
22.66,34.99,12.84,0
9.88,29.02,31.17,0
10.28,14.69,5.16,0
27.43,5.75,15.96,0
33.36,26.98,22.76,0
24.74,19.18,32.75,0
21.31,16.78,18.74,0
22.93,30.8,17.73,0
12.04,6.72,24.65,0
29.59,16.54,27.93,0
28.65,9.26,16.39,0
22.67,6.37,18.62,0
18.09,25.94,24.31,0
21.49,32.41,27.05,0
15.59,16.51,24.01,1
34.87,12.29,28.49,0
15.95,32.21,6.03,0
33.99,26.06,8.03,0
5.74,31.87,6.25,0
28.34,33.44,9.82,0
18.21,33.1,30.05,1
23.91,34.9,21.78,1
14.42,16.91,10.16,0
32.65,24.8,33.16,1
11.7,29.69,21.26,0
16.23,23.67,29.91,0
14.24,26.02,14.52,1
6.13,19.69,11.98,0
23.16,20.26,26.06,0
30.08,28.39,20.59,1
22.65,6.21,13.58,0
15.9,32.03,5.83,0
9.2,26.96,9.58,0
8.5,23.47,28.52,0
34.44,27.66,20.56,0
21.25,13.53,17.5,0
7.6,11.19,8.26,0
12.68,24.57,23.94,0
11.29,32.84,8.8,0
14.44,29.14,22.42,0
32.11,15.51,10.54,0
20.62,13.11,19.85,0
9.87,27.34,15.06,0
9.31,26.69,11.21,1
6.92,30.7,8.15,0
30.64,32.56,9.61,1
34.23,13.07,31.2,0
32.87,25.64,26.73,1
17.29,23.54,5.11,0
32.05,7.15,29.31,0
19.53,10.65,12.37,0
19.09,15.07,31.58,0
10.03,14.33,30.18,0
7.49,17.61,15.67,1
23.99,7.63,14.46,0
14.33,21.8,9.63,0
18.99,25.03,16.65,0
11.33,8.46,14.16,0
5.04,14.47,29.64,0
28.93,34.42,13.4,0
16.04,31.58,30.54,0
5.45,5.68,10.86,1
26.45,30.9,15.65,0
11.56,12.35,15.38,0
25.66,18.01,22.57,0
12.38,9.06,18.69,0
12.98,11.47,6.15,1
8.96,28.24,16.4,0
15.33,7.62,21.39,0
27.63,17.01,7.05,0
31.68,22.7,11.4,0
26.31,10.9,28.16,0
12.39,25.9,23.91,0
